1 44
2 35
3 24
4 9
5 4
6 45
7 17
8 32
9 6
10 48
11 1
12 24
13 42
14 2
15 7
16 4
17 14
18 12
19 16
20 35
21 22
22 12
23 49
24 8
25 37
26 1
27 40
28 34
29 39
30 28
31 36
32 6
33 27
34 32
35 5
36 21
37 17
38 45
39 45
40 10
41 15
42 5
43 39
44 7
45 46
46 45
47 16
48 35
49 15
50 23
51 19
52 6
53 5
54 5
55 38
56 31
57 23
58 27
59 45
60 7
61 43
62 20
63 3
64 27
65 42
66 47
67 47
68 19
69 47
70 49
71 11
72 36
73 8
74 46
75 31
76 19
77 50
78 26
79 4
80 26
81 46
82 15
83 43
84 6
85 46
86 48
87 24
88 43
89 32
90 37
91 43
92 3
93 40
94 50
95 30
96 1
97 11
98 23
99 7
100 24
